x*:  [2.01086974e-14 8.82272050e-01 5.99639832e-14 2.05991990e+00
 7.45765215e-01 1.79159944e-14 1.45960753e-01 9.68823734e-14
 3.50503919e-14 4.57113005e-14 6.07221401e-01 2.14121282e-14
 1.52330860e-14 1.34294560e-14 4.84650993e-01 2.17229743e+00
 2.18179975e-14 1.15743319e+00 2.24323336e-01 2.17034777e-14
 1.06568923e-01 1.42489067e-14 1.89443369e-14 3.02016166e-01
 1.23481689e+00 2.50107594e+00 2.40244718e-01 1.69203590e+00
 2.15738666e-14 2.69629973e-14 3.40243945e-02 1.12858026e-01
 1.07683368e+00 2.10164499e-13 9.67286243e-01 1.58836818e-14
 1.70746089e+00 4.68916805e-13 2.44300346e-14 5.06811615e-14
 8.34646655e-13 1.25579028e+00 2.58780123e-01 1.34025596e+00
 1.09966578e-01 1.56834905e-14 1.40863921e-14 3.50599844e-01
 6.11125899e-15 7.20346995e-01 3.48143853e-01 1.00521138e+00
 4.48375230e-14 1.57505872e-14 3.93859124e-01 5.96282878e-01
 1.43744369e-14 1.62360219e-14 4.37884031e-14 1.03586835e+00
 1.62535418e+00 1.62194739e+00 2.52985115e-14 1.60887358e+00
 2.23228269e+00 3.28909432e-14 6.44720984e-14 3.03571720e-01
 7.48894946e-02 5.27689145e-01 3.29604305e-14 2.63565070e-14
 3.92683622e-01 6.94228285e-02 3.80972005e-14 4.53079014e-14
 1.83751528e-14 7.04815381e-15 3.94292965e-01 1.12245913e-14
 1.07935358e+00 2.74795050e+00 1.84188549e+00 3.42063579e-01
 6.81525969e-01 2.95474910e-14 1.34014260e+00 7.84617470e-14
 1.36989106e-14 1.53819951e+00 1.93721817e-14 4.73016902e-01
 1.87273574e-14 3.51391445e-14 5.26001749e-01 3.33063087e-13
 8.02127496e-02 2.24670128e-14 2.83265257e+00 1.83367034e+00
 1.56084542e-13 1.50901379e-01 8.71468867e-01 4.21326961e-14
 1.60415467e+00 6.54994446e-01 1.10982687e+00 8.80564307e-15
 1.26759789e-14 2.34973208e-14 8.29565076e-14 2.15014746e-14
 6.72799726e-01 1.27303334e-14 2.28866470e-14 9.89231664e-01
 1.28836296e+00 7.44580865e-01 2.58776972e-14 5.82485275e-14
 1.66915313e-01 2.77746723e-14 5.51484923e-14 4.03924888e-14
 7.78038134e-01 1.68779654e-01 2.00727980e+00 1.04803551e-01
 1.55233839e+00 2.47353776e-14 1.98381521e+00 3.83987290e-13
 9.98431394e-14 1.37627183e+00 3.06045242e-01 4.87832810e-01
 2.94301600e-14 1.26088258e+00 1.62915419e-14 5.45916409e-14
 1.75191553e-14 1.74026115e-14 1.77330426e-14 8.22243341e-01
 8.42163871e-01 1.07653719e-14 2.10585427e-14 4.87461009e-14
 4.51270278e-01 2.27046784e-13 8.57751795e-14 1.47646286e-14
 1.95874226e-14 1.16391958e+00 2.40060252e-01 2.13899759e-14
 3.56985236e-14 1.25887615e-14 2.46878854e-14 7.76934037e-01
 9.96080475e-01 2.20252566e-14 1.41732150e+00 9.05427497e-15
 7.90642522e-02 7.12357732e-01 1.53279744e-14 4.70954720e-01
 2.17340269e-01 2.17653593e+00 1.57239188e-14 4.51654516e-01
 8.23711405e-15 1.13731498e-13 2.82049508e-14 5.74644745e-01
 1.31510401e+00 1.89881208e+00 2.77783933e-14 2.02959996e-14
 1.83390970e+00 2.06956736e-14 3.93814439e-14 4.58853899e-14
 1.04523352e+00 1.91859099e-14 3.01432783e-14 3.12050766e-01
 2.68667540e+00 1.24098021e+00 5.40880844e-01 4.48638572e-14
 5.00619581e-13 1.28835546e-14 1.51671466e-14 3.41530339e-01
 8.04296065e-02 1.16965043e+00 1.33716659e-14 1.69641671e+00]

λ*:  [4.79924810e+02 1.09384206e-11 1.60940989e+02 4.68496993e-12
 1.29406180e-11 5.38661854e+02 6.61182035e-11 9.96121631e+01
 2.75336801e+02 2.11122034e+02 1.58931532e-11 4.50710116e+02
 6.33533005e+02 7.18619041e+02 1.99126029e-11 4.44260654e-12
 4.42325781e+02 8.33798686e-12 4.30212164e-11 4.44659742e+02
 9.05579464e-11 6.77291454e+02 5.09422041e+02 3.19541264e-11
 7.81546060e-12 3.85860446e-12 4.01701351e-11 5.70358039e-12
 4.47331159e+02 3.57922477e+02 2.83639516e-10 8.55115327e-11
 8.96207366e-12 4.59195669e+01 9.97704955e-12 6.07583487e+02
 5.65205495e-12 2.05807568e+01 3.95032710e+02 1.90419132e+02
 1.15625730e+01 7.68493188e-12 3.72929058e-11 7.20061171e-12
 8.77599623e-11 6.15338963e+02 6.85105364e+02 2.75261468e-11
 1.57916115e+03 1.33972417e-11 2.77203308e-11 9.60063021e-12
 2.15236305e+02 6.12717650e+02 2.45028290e-11 1.61847055e-11
 6.71376755e+02 5.94398237e+02 2.20393120e+02 9.31649545e-12
 5.93757526e-12 5.95004672e-12 3.81471564e+02 5.99839719e-12
 4.32322610e-12 2.93413987e+02 1.49687431e+02 3.17903880e-11
 1.28865375e-10 1.82885376e-11 2.92795411e+02 3.66158640e+02
 2.45761785e-11 1.39012814e-10 2.53316849e+02 2.13001761e+02
 5.25201769e+02 1.36924690e+03 2.44758685e-11 8.59778544e+02
 8.94115045e-12 3.51194928e-12 5.23955634e-12 2.82130673e-11
 1.41603742e-11 3.26615304e+02 7.20122082e-12 1.22998316e+02
 7.04483958e+02 6.27399939e-12 4.98171187e+02 2.04023635e-11
 5.15324322e+02 2.74641370e+02 1.83472066e-11 2.89754796e+01
 1.20313327e-10 4.29548106e+02 3.40693486e-12 5.26303043e-12
 6.18297152e+01 6.39534432e-11 1.10740190e-11 2.29054005e+02
 6.01604256e-12 1.47339612e-11 8.69564705e-12 1.09596343e+03
 7.61334714e+02 4.10713325e+02 1.16334005e+02 4.48837252e+02
 1.43440349e-11 7.58084053e+02 4.21672199e+02 9.75571560e-12
 7.49063971e-12 1.29612017e-11 3.72933600e+02 1.65680802e+02
 5.78177196e-11 3.47462705e+02 1.74994136e+02 2.38922212e+02
 1.24038429e-11 5.71790649e-11 4.80783136e-12 9.20833567e-11
 6.21685508e-12 3.90156275e+02 4.86469846e-12 2.51327662e+01
 9.66582464e+01 7.01217782e-12 3.15334515e-11 1.97827259e-11
 3.27917441e+02 7.65389492e-12 5.92372584e+02 1.76779130e+02
 5.50863476e+02 5.54552560e+02 5.44219230e+02 1.17369911e-11
 1.14593645e-11 8.96454189e+02 4.58277807e+02 1.97978148e+02
 2.13855493e-11 4.25051726e+01 1.12511135e+02 6.53633969e+02
 4.92696919e+02 8.29152027e-12 4.02010024e-11 4.51176889e+02
 2.70337868e+02 7.66609388e+02 3.90906820e+02 1.24214699e-11
 9.68863763e-12 4.38163466e+02 6.80908514e-12 1.06586809e+03
 1.22061014e-10 1.35474949e-11 6.29611098e+02 2.04916998e-11
 4.44034731e-11 4.43395520e-12 6.13756845e+02 2.13673559e-11
 1.17160728e+03 8.48547936e+01 3.42162014e+02 1.67941374e-11
 7.33832661e-12 5.08247388e-12 3.47416162e+02 4.75495810e+02
 5.26234348e-12 4.66313054e+02 2.45056092e+02 2.10321037e+02
 9.23302074e-12 5.03007822e+02 3.20159695e+02 3.09265794e-11
 3.59204642e-12 7.77664516e-12 1.78424932e-11 2.15109966e+02
 1.92774377e+01 7.49068331e+02 6.36287302e+02 2.82571170e-11
 1.19988934e-10 8.25089492e-12 7.21724792e+02 5.68885153e-12]

v*:  [-237.2681089  -184.03096902    1.93679474 -100.17542984   39.92439624
 -282.22430596 -154.51468128 -226.34981601   79.94496044   32.85712358
 -159.63810518 -161.38691302   45.96357672  -17.78725462 -137.272982
 -155.20019467 -260.68898876 -135.79247616  -96.62848145   32.32162613
  264.89035973 -152.26562956 -114.13455742 -292.98874993 -226.74937897
 -285.14715327   65.76661061 -254.78322843   92.94965707 -322.31755082
  107.00105154  101.56492029 -234.99628453  -45.70845154   26.42461877
 -150.20843993 -109.95307013  -78.81568817 -101.80424661 -184.15893785
  -63.16440073  -27.82694003   58.75986802 -155.03788286  -90.75269683
 -131.56109964 -182.89968496 -164.89572556 -135.31358838   86.4606521
 -228.70241642 -245.70340811 -346.34913751  147.65670838  -68.3619025
   -8.0162885  -100.34355555 -296.95355852 -160.23160362  -88.75432885
 -208.74043932 -199.1706006  -224.99618096  -88.92593839 -141.94649579
 -135.97028657 -130.2578993    21.86049096 -210.10612822  -26.23468654
 -164.19133654 -156.37679376 -254.21054514 -203.63011303  -71.20013176
  -68.75931149  -70.15491248    1.2235635   -50.44609838 -112.22443694
 -147.5213485  -262.15887569  203.2459272   -11.36141524 -140.67560861
   98.79365667  -11.22358402  296.70961998   82.29476585 -152.43068287
  -94.34184591  136.67980833  -70.0145844    72.94175867  159.31601246
 -167.73634266   35.11038524 -117.36327441   96.69134098 -302.11273194]

p*:  214982.07682222567