x*:  [2.08365972e-14 8.82272050e-01 6.21345749e-14 2.05991990e+00
 7.45765215e-01 1.85645222e-14 1.45960753e-01 1.00389346e-13
 3.63191550e-14 4.73659700e-14 6.07221401e-01 2.21872099e-14
 1.57844972e-14 1.39155789e-14 4.84650993e-01 2.17229743e+00
 2.26077709e-14 1.15743319e+00 2.24323336e-01 2.24891057e-14
 1.06568923e-01 1.47646923e-14 1.96300889e-14 3.02016167e-01
 1.23481689e+00 2.50107594e+00 2.40244718e-01 1.69203590e+00
 2.23548030e-14 2.79390108e-14 3.40243945e-02 1.12858026e-01
 1.07683368e+00 2.17772088e-13 9.67286243e-01 1.64586434e-14
 1.70746089e+00 4.85890777e-13 2.53143592e-14 5.25157312e-14
 8.64859406e-13 1.25579028e+00 2.58780123e-01 1.34025596e+00
 1.09966578e-01 1.62512055e-14 1.45962949e-14 3.50599844e-01
 6.33247591e-15 7.20346995e-01 3.48143853e-01 1.00521138e+00
 4.64605632e-14 1.63207310e-14 3.93859124e-01 5.96282878e-01
 1.48947664e-14 1.68237375e-14 4.53734670e-14 1.03586835e+00
 1.62535418e+00 1.62194739e+00 2.62142736e-14 1.60887358e+00
 2.23228269e+00 3.40815380e-14 6.68058759e-14 3.03571720e-01
 7.48894946e-02 5.27689145e-01 3.41535406e-14 2.73105666e-14
 3.92683622e-01 6.94228285e-02 3.94762527e-14 4.69479685e-14
 1.90403013e-14 7.30328469e-15 3.94292965e-01 1.16309019e-14
 1.07935358e+00 2.74795050e+00 1.84188549e+00 3.42063579e-01
 6.81525969e-01 3.06170587e-14 1.34014260e+00 8.13019255e-14
 1.41947873e-14 1.53819951e+00 2.00734210e-14 4.73016902e-01
 1.94052551e-14 3.64111203e-14 5.26001749e-01 3.45119391e-13
 8.02127496e-02 2.32802795e-14 2.83265257e+00 1.83367034e+00
 1.61734530e-13 1.50901379e-01 8.71468867e-01 4.36578262e-14
 1.60415467e+00 6.54994446e-01 1.10982687e+00 9.12439201e-15
 1.31348272e-14 2.43478829e-14 8.59593885e-14 2.22797905e-14
 6.72799726e-01 1.31911493e-14 2.37151038e-14 9.89231664e-01
 1.28836296e+00 7.44580865e-01 2.68144247e-14 6.03570227e-14
 1.66915313e-01 2.87800671e-14 5.71447716e-14 4.18546265e-14
 7.78038134e-01 1.68779654e-01 2.00727980e+00 1.04803551e-01
 1.55233839e+00 2.56307551e-14 1.98381521e+00 3.97886960e-13
 1.03457287e-13 1.37627183e+00 3.06045242e-01 4.87832810e-01
 3.04954805e-14 1.26088258e+00 1.68812673e-14 5.65677632e-14
 1.81533182e-14 1.80325557e-14 1.83749478e-14 8.22243341e-01
 8.42163871e-01 1.11550596e-14 2.18208252e-14 5.05106248e-14
 4.51270278e-01 2.35265482e-13 8.88800915e-14 1.52990824e-14
 2.02964532e-14 1.16391958e+00 2.40060252e-01 2.21642557e-14
 3.69907479e-14 1.30444528e-14 2.55815438e-14 7.76934037e-01
 9.96080475e-01 2.28225325e-14 1.41732150e+00 9.38202395e-15
 7.90642522e-02 7.12357732e-01 1.58828203e-14 4.70954720e-01
 2.17340269e-01 2.17653593e+00 1.62930972e-14 4.51654516e-01
 8.53528322e-15 1.17848380e-13 2.92259209e-14 5.74644745e-01
 1.31510401e+00 1.89881208e+00 2.87839227e-14 2.10306794e-14
 1.83390970e+00 2.14448210e-14 4.08069836e-14 4.75463610e-14
 1.04523352e+00 1.98804064e-14 3.12344124e-14 3.12050766e-01
 2.68667540e+00 1.24098021e+00 5.40880845e-01 4.64878506e-14
 5.18741137e-13 1.33499169e-14 1.57161709e-14 3.41530339e-01
 8.04296065e-02 1.16965043e+00 1.38556969e-14 1.69641671e+00]

λ*:  [4.79924812e+02 1.13343724e-11 1.60940990e+02 4.85455770e-12
 1.34090459e-11 5.38661857e+02 6.85115676e-11 9.96121636e+01
 2.75336802e+02 2.11122036e+02 1.64684578e-11 4.50710118e+02
 6.33533008e+02 7.18619045e+02 2.06334046e-11 4.60342118e-12
 4.42325784e+02 8.63980750e-12 4.45785097e-11 4.44659744e+02
 9.38359867e-11 6.77291458e+02 5.09422044e+02 3.31108103e-11
 8.09836669e-12 3.99827924e-12 4.16242243e-11 5.91004009e-12
 4.47331162e+02 3.57922479e+02 2.93906773e-10 8.86069016e-11
 9.28648516e-12 4.59195671e+01 1.03382014e-11 6.07583490e+02
 5.85664952e-12 2.05807570e+01 3.95032713e+02 1.90419133e+02
 1.15625730e+01 7.96311307e-12 3.86428443e-11 7.46126134e-12
 9.09367205e-11 6.15338967e+02 6.85105368e+02 2.85225455e-11
 1.57916116e+03 1.38821985e-11 2.87237586e-11 9.94815635e-12
 2.15236306e+02 6.12717653e+02 2.53897889e-11 1.67705637e-11
 6.71376759e+02 5.94398241e+02 2.20393121e+02 9.65373641e-12
 6.15250517e-12 6.16542808e-12 3.81471567e+02 6.21552875e-12
 4.47971937e-12 2.93413989e+02 1.49687432e+02 3.29411448e-11
 1.33530077e-10 1.89505509e-11 2.92795412e+02 3.66158642e+02
 2.54657934e-11 1.44044837e-10 2.53316850e+02 2.13001762e+02
 5.25201772e+02 1.36924691e+03 2.53618525e-11 8.59778549e+02
 9.26480457e-12 3.63907574e-12 5.42921917e-12 2.92343313e-11
 1.46729552e-11 3.26615306e+02 7.46189250e-12 1.22998317e+02
 7.04483962e+02 6.50110727e-12 4.98171189e+02 2.11408936e-11
 5.15324325e+02 2.74641371e+02 1.90113436e-11 2.89754800e+01
 1.24668460e-10 4.29548108e+02 3.53025998e-12 5.45354298e-12
 6.18297156e+01 6.62684467e-11 1.14748792e-11 2.29054006e+02
 6.23381285e-12 1.52673050e-11 9.01041436e-12 1.09596343e+03
 7.61334718e+02 4.10713328e+02 1.16334006e+02 4.48837254e+02
 1.48632641e-11 7.58084057e+02 4.21672201e+02 1.01088556e-11
 7.76178785e-12 1.34303747e-11 3.72933602e+02 1.65680803e+02
 5.99106206e-11 3.47462707e+02 1.74994137e+02 2.38922213e+02
 1.28528404e-11 5.92488477e-11 4.98186650e-12 9.54166143e-11
 6.44189443e-12 3.90156277e+02 5.04079209e-12 2.51327663e+01
 9.66582469e+01 7.26600648e-12 3.26749076e-11 2.04988262e-11
 3.27917443e+02 7.93095262e-12 5.92372588e+02 1.76779131e+02
 5.50863479e+02 5.54552563e+02 5.44219233e+02 1.21618498e-11
 1.18741736e-11 8.96454194e+02 4.58277810e+02 1.97978149e+02
 2.21596690e-11 4.25051729e+01 1.12511135e+02 6.53633973e+02
 4.92696922e+02 8.59165891e-12 4.16562089e-11 4.51176891e+02
 2.70337870e+02 7.66609392e+02 3.90906822e+02 1.28711056e-11
 1.00393495e-11 4.38163468e+02 7.05556219e-12 1.06586810e+03
 1.26479410e-10 1.40378907e-11 6.29611101e+02 2.12334638e-11
 4.60108017e-11 4.59445667e-12 6.13756848e+02 2.21408170e-11
 1.17160729e+03 8.48547941e+01 3.42162015e+02 1.74020560e-11
 7.60396129e-12 5.26645060e-12 3.47416164e+02 4.75495813e+02
 5.45283117e-12 4.66313056e+02 2.45056094e+02 2.10321038e+02
 9.56724005e-12 5.03007825e+02 3.20159697e+02 3.20460678e-11
 3.72207226e-12 8.05814621e-12 1.84883604e-11 2.15109967e+02
 1.92774378e+01 7.49068335e+02 6.36287305e+02 2.92799756e-11
 1.24332325e-10 8.54956298e-12 7.21724796e+02 5.89477807e-12]

v*:  [-237.26810891 -184.03096902    1.93679472 -100.17542986   39.92439625
 -282.22430596 -154.51468128 -226.34981602   79.94496044   32.85712357
 -159.63810516 -161.38691304   45.96357672  -17.78725457 -137.27298202
 -155.20019469 -260.68898875 -135.79247616  -96.62848144   32.32162615
  264.89035972 -152.26562958 -114.13455745 -292.98874992 -226.74937895
 -285.14715325   65.76661058 -254.78322841   92.9496571  -322.31755082
  107.00105152  101.56492029 -234.99628448  -45.70845151   26.42461879
 -150.20843997 -109.95307012  -78.81568816 -101.8042466  -184.15893782
  -63.1644007   -27.82694008   58.75986801 -155.03788287  -90.75269684
 -131.56109963 -182.89968495 -164.89572555 -135.31358842   86.46065208
 -228.70241642 -245.70340809 -346.34913753  147.65670841  -68.36190251
   -8.01628851 -100.34355551 -296.95355848 -160.23160367  -88.75432885
 -208.74043932 -199.17060062 -224.99618096  -88.9259384  -141.94649582
 -135.97028657 -130.25789929   21.86049098 -210.10612826  -26.23468656
 -164.19133653 -156.37679378 -254.21054514 -203.63011301  -71.20013175
  -68.75931148  -70.15491251    1.22356353  -50.44609836 -112.2244369
 -147.52134851 -262.15887566  203.24592718  -11.36141526 -140.67560863
   98.79365668  -11.22358403  296.70961998   82.29476586 -152.43068288
  -94.34184593  136.67980834  -70.0145844    72.94175868  159.31601246
 -167.73634266   35.11038523 -117.3632744    96.69134098 -302.11273194]

p*:  214982.07682220155